38.520562
37.399374
48.004298
41.497354
46.612058
46.737636
43.016124
42.893248
47.976684
47.243574
47.281296
46.936176
47.542006
49.463898
51.447394
52.851862
54.167612
54.103886
54.951912
55.135562
58.053330
54.984130
61.970716
62.065984
62.080318
63.558794
62.926506
67.459564
56.767166
72.894218
72.901774
73.425732
75.041130
74.581916
75.265786
77.499066
58.539740
85.338872
86.105864
86.482016
88.132226
88.420684
88.329040
87.891772
90.432678
59.240532
98.316816
97.801474
99.261906
101.383810
101.494266
101.435592
101.187966
100.785788
103.161824
0.002826
0.002770
0.002925
0.002974
0.002946
0.002886
0.002939
0.003008
0.003205
0.003745
0.002979
0.002887
0.003141
0.003305
0.003023
0.003088
0.003199
0.002759
0.002674
0.003058
0.003134
0.003210
0.003190
0.003318
0.003639
0.003085
0.003016
0.003084
0.003136
0.002774
0.003008
0.003122
0.003012
0.003293
0.003533
0.003458
0.003100
0.003102
0.003206
0.003617
0.003190
